5
191
58
100
129
10
11
5
6
7
90
77
52
165
10
11
12
13
5
6
7
182
161
157
196
58
10
11
12
13
5
6
7
8
9
83
136
89
136
118
142
10
11
12
13
14
15
5
6
7
8
9
10
11
50
10
11
12
13
14
15
16
17
5
6
7
8
9
10
11
12
13
10
5
10
11
5
116
96
175
185
77
163
191
125
92
134
163
117
135
127
63
114
85
168
109
91
176
143
178
64
78
95
155
73
138
98
171
51
143
143
186
170
105
177
92
147
108
54
63
193
129
75
107
164
193
166
54
166
108
182
181
134
75
133
157
163
181
125
164
123
65
148
90
121
122
132
65
180
134
79
173
62
102
79
176
92
193
179
58
99
158
187
183
183
119
138
145
99
60
107
171
76
54
60
147
126
141
160
103
74
187
75
87
88
102
60
131
93
189
137
142
147
123
122
129
192
59
72
88
68
127
58
94
129
67
189
54
158
148
107
180
135
131
66
173
181
77
101
73
63
188
165
160
110
87
87
99
10
11
12
13
10
11
12
13
10
11
12
13
14
15
10
11
12
13
14
15
16
17
10
