5
73
165
190
68
60
184
93
10
11
5
6
7
77
62
115
187
121
124
181
10
11
12
13
5
6
7
135
55
122
170
191
80
10
11
12
13
5
6
7
8
9
10
11
12
13
14
15
5
6
7
8
9
10
11
146
156
85
80
56
107
101
79
71
90
97
80
71
139
83
96
151
148
83
72
71
61
69
154
67
141
123
57
169
76
152
115
182
186
145
188
92
194
65
112
82
110
142
101
199
175
148
150
120
179
170
141
190
187
93
56
127
164
63
93
190
164
158
172
149
101
157
189
94
170
100
126
80
190
178
76
162
123
174
81
101
141
171
90
127
63
97
51
177
108
95
167
71
50
136
168
101
90
157
146
60
54
69
88
195
197
112
156
119
84
188
168
173
156
58
100
169
105
99
143
163
142
107
183
143
193
150
192
81
104
135
89
107
155
125
101
149
187
54
66
68
190
184
192
145
192
89
111
94
138
54
10
11
12
13
14
15
16
17
5
6
7
8
9
10
11
12
13
10
5
10
11
5
10
11
12
13
10
11
12
13
10
11
12
13
14
15
10
11
12
13
14
15
16
17
10
